3290
12381
9530
57289
24209
44587
28569
1273
35733
46127
9017
15670
21999
8840
43648
17216
9363
51180
5865
31603
15474
45848
61519
6528
61994
53702
17422
32809
1807
34624
9250
43807
34338
45484
18602
47762
47548
56469
51787
26511
50653
50525
25048
7733
14138
33690
25610
14672
24754
34751
58990
51323
47581
42617
26718
61536
63087
49921
48869
17107
12541
38474
20507
62459
2378
2335
18786
2417
55262
39868
1723
8642
17324
10961
26582
15584
23597
53296
5262
41663
28565
45320
28049
10995
54128
54430
551
26833
47770
61818
16576
43472
36861
54215
51272
63865
34480
13020
19381
5662
40787
40350
39584
9492
5432
31181
51440
9102
23793
53724
65301
19445
53017
919
35901
38216
3592
49
61050
56571
51662
10311
43633
25087
60312
23685
44769
52096
28332
22971
18568
48556
23007
9785
13037
54474
55002
14762
27198
297
19750
10590
3292
36704
33715
19657
53076
28229
1364
53577
28440
26845
39050
42383
52779
23800
23255
7178
18334
59695
40974
64824
41310
29900
53442
24225
15995
52311
13513
5639
52608
13236
33076
12790
17205
50713
39275
60916
6969
10709
49773
4345
24543
3378
27367
15671
8525
10
5149
10341
48169
7680
7061
63586
33116
38164
32215
39180
5559
32437
54224
4606
51559
15306
2224
62903
30330
45443
43477
33759
25434
27333
26484
5603
40178
60239
57300
48281
6955
64574
12802
28415
23941
38889
64618
59857
35674
29496
20906
1515
16198
11983
7947
15444
11998
39204
23980
45781
47600
24048
59150
12079
61114
11652
45098
57800
50662
6665
41289
3891
49368
20313
60717
12912
57973
46720
13721
31895
21737
48725
36503
23030
20917
49372
31394
25773
56147
4118
51482
29183
3253
65090
11184
64990
43386
31721
51082
28702
56808
37781
47497
42074
56819
60896
52014
55629
8939
4891
38029
4655
11871
43052
14560
58689
61982
58565
23423
20923
47108
55315
64543
11686
50088
16523
36820
62887
869
10739
62051
46492
18666
48233
3415
38380
27243
38423
16981
36350
53359
16881
34951
19828
47070
22120
39877
39760
28629
6535
50188
63602
9799
13106
24174
2651
12373
39858
773
16254
56186
7050
36592
53459
42446
800
31536
4096
40270
19461
21139
12172
43913
52289
12062
65166
50016
7390
25510
35874
32019
2452
42474
13373
22741
61099
37287
8215
1244
5651
27454
62462
63602
37696
59769
60345
1420
6491
8073
31131
11411
65143
37707
4982
46638
58222
9647
61416
964
211
52501
20044
33947
49204
43181
32808
6675
19548
43437
21649
62685
1314
51427
2268
36432
2586
26082
20035
65375
17827
15876
56930
14815
54524
13876
6274
58148
19748
40929
5149
2258
1335
26868
55811
7274
14313
54678
12569
32603
54604
39422
50835
4964
17932
57274
57178
20709
4167
32337
8687
8686
20043
20397
6474
27733
42735
32557
35471
49778
2170
17178
38130
2120
49132
62861
21812
5468
49616
43082
45313
2378
38185
22545
19015
28109
28507
58599
62393
37728
46829
5820
26202
16759
32082
46644
16456
46942
7030
12572
22375
43721
11284
18169
17216
62438
47113
52400
20627
42970
50691
1170
15115
45319
16077
12977
30346
25524
31637
45539
11687
62674
738
42383
38611
8950
15686
37926
53515
20080
62080
28612
5266
57322
32069
23249
59370
23668
3351
26310
62891
15744
23804
37134
39120
25227
47553
56912
49986
15325
27872
64633
20921
6590
59509
45373
33001
1108
53029
18982
7844
17883
63181
38560
22052
13844
16431
53283
62927
41422
59224
29426
42487
22477
16884
63220
24713
25584
39099
46697
14506
30236
27045
5056
5075
62110
20521
8924
52227
33166
39230
6444
32831
24726
6380
33983
54933
45677
49383
35353
7353
61424
12549
1063
35563
5061
40522
34504
13377
10681
63780
46038
12200
23106
53807
41490
19109
3951
42112
60866
45547
22236
36628
27062
49362
35584
13121
56733
61328
43114
5529
12797
15701
35068
6292
21316
38671
51873
11745
49686
33286
6168
19353
38954
41759
17414
53072
62471
50194
32827
26803
35870
26727
32737
12867
14349
20434
33459
63232
48891
58307
54334
39333
12469
15903
56391
56311
38443
30727
20344
15489
18989
17694
45374
34154
52747
37440
11245
55809
17523
15020
49827
22652
53390
48068
13266
44125
9588
45791
11081
33335
27579
31156
62013
41412
60734
16725
60000
23773
27616
63921
18919
64575
46039
18483
45219
15137
32398
62426
60728
48131
36187
60444
15467
37076
36030
23149
16032
33228
44651
47229
4137
7884
27578
26514
21325
59690
53285
48108
30239
65018
23966
23082
11709
46296
49175
26764
37710
9215
23438
47792
51402
35206
24048
20638
49918
16821
36097
20861
14114
23995
1508
60353
37711
43645
41130
4104
61001
14250
35839
60801
33449
18753
62707
3820
20387
19479
31197
23098
3361
34434
40714
27336
42260
5060
13707
29548
45056
26847
26855
14925
4670
30448
5503
51461
18708
10215
53226
4109
28275
49361
10982
14665
40576
57132
59100
31448
38601
42807
47301
27981
60194
3557
49018
49087
35582
21675
58278
27698
721
5526
43230
39178
37654
3505
8898
13210
253
63620
8547
7606
48854
48143
24818
57349
31623
12027
54234
5449
19340
25923
35024
54277
58055
34979
22828
58393
57300
21366
27861
31106
3867
46438
49349
60486
6192
33447
39254
44154
64387
16303
4961
47115
37557
46553
41906
39665
21521
30711
7443
33323
33573
29307
63261
59905
52795
4086
52383
47508
56364
599
62657
15427
14426
59878
24458
60808
17824
34495
31294
51707
52441
61093
25450
10198
27381
6597
34472
38844
40167
37812
20068
6918
43086
62641
50081
64630
54704
6239
4571
45692
49106
38165
11555
37923
14954
26488
37827
33504
3122
58381
61458
28796
27838
63879
27678
20854
39044
30128
56513
21875
33879
2388
40321
26903
41199
4274
30695
4960
1441
60193
16587
48119
17074
53420
51642
40205
32523
23821
17738
57721
36243
24491
34875
19486
62271
13662
30731
55218
48070
62946
7889
57976
48695
59846
65039
4189
4294
2208
25283
15280
53794
2249
20119
47455
49856
54261
31052
19863
111
58595
33745
24875
23934
13472
37163
2929
33414
24347
35210
3976
16636
39468
38665
64370
7415
62731
19129
43946
14613
13148
63763
53890
1828
62636
32769
4239
44775
55619
58264
13941
14530
65102
10884
33035
40932
42940
7574
56107
56738
52118
6042
17667
22961
41996
53622
35647
30628
34935
845
6587
62790
19681
